18/08/2019 Bristol Championships
Name

Max Taberham
Charles Fajemisin
Giorgio Hlad
Jack Hopkins
Ryan Edwards
Ryan Kibble
James Churchill
Joel Clarke
David Ward
Jake Speller
Joshua Owen
James Isaacs
Jose Arias Morales
Mike Gill
Ryan Sharvell-Smith
Jon Jordan
James Matthews
Paul Richards
Will Smart
Morgan Omerood
Bradley Gosling
Oliver Adams-Liggins
Afnaan Qasim

Team Bwt - kg

SW
SW
SW
SW
SW
SW
SW
SW
SW
SW
SW
SW
SW
SW
SW
SW
SW
SW
SW
SW
SW
SW
SW

103.60
102.60
70.50
81.80
83.00
104.10
90.60
92.70
93.00
118.80
82.80
92.60
80.30
101.20
97.20
105.00
132.60
65.50
76.00
92.50
126.70
68.50
72.60

IPF Wt
lot#
Cls

105
105
74
83
83
105
93
93
93
120
83
93
83
105
105
105
120+
66
83
93
120+
74
74

43
41
24
27
31
44
35
42
34
47
29
36
28
40
45
46
49
22
32
39
48
26
25

SQ-1

SQ-2

SQ-3

BP-1

BP-2

BP-3

DL-1

DL-2

DL-3

PL
Total

IPF
Points

237.5
230.0
180.0
187.5
180.0
-190.0
190.0
185.0
190.0
240.0
180.0
180.0
160.0
180.0
-190.0
180.0
190.0
140.0
140.0
150.0
180.0
100.0
120.0

250.0
240.0
200.0
195.0
190.0
200.0
215.0
197.5
200.0
260.0
190.0
187.5
165.0
202.5
195.0
-200.0
200.0
145.0
150.0
162.5
190.0
-110.0
127.5

260.0
250.0
205.0
205.0
-195.0
210.0
-220.0
205.0
-205.0
0.0
195.0
195.0
170.0
210.0
202.5
202.5
210.0
-150.0
-160.0
-170.0
200.0
120.0
135.0

162.5
130.0
125.0
125.0
125.0
160.0
135.0
130.0
120.0
150.0
105.0
130.0
130.0
115.0
110.0
90.0
140.0
100.0
97.5
110.0
100.0
85.0
67.5

170.0
140.0
-132.5
135.0
135.0
165.0
140.0
140.0
125.0
160.0
110.0
137.5
135.0
132.5
120.0
100.0
150.0
105.0
105.0
120.0
105.0
95.0
75.0

175.0
150.0
132.5
140.0
-140.0
-170.0
142.5
145.0
130.0
-165.0
-112.5
142.5
137.5
-140.0
-122.5
-110.0
-155.0
107.5
-107.5
125.0
-110.0
100.0
80.0

265.0
260.0
180.0
230.0
240.0
260.0
190.0
205.0
220.0
220.0
210.0
215.0
200.0
205.0
210.0
220.0
240.0
150.0
175.0
180.0
230.0
140.0
150.0

-282.5
280.0
200.0
240.0
-250.0
-270.0
215.0
220.0
235.0
240.0
220.0
227.5
210.0
220.0
225.0
240.0
250.0
0.0
182.5
200.0
240.0
150.0
160.0

282.5
-300.0
205.0
-247.5
-250.0
-270.0
220.0
230.0
250.0
0.0
230.0
-237.5
-212.5
235.0
230.0
250.0
-260.0
0.0
-187.5
-212.5
-245.0
160.0
170.0

717.5
680.0
542.5
585.0
565.0
635.0
577.5
580.0
580.0
660.0
535.0
565.0
517.5
577.5
552.5
552.5
610.0
402.5
437.5
487.5
545.0
380.0
385.0

633.79
599.77
598.50
585.35
556.75
549.55
538.03
532.62
531.49
531.34
523.58
517.02
514.78
500.90
488.00
464.64
455.25
448.39
439.86
434.80
408.28
403.19
390.76

